 

DEFINE_GRADIENT_PALETTE( flame_gp ) {
    0, 252, 42,  1,
   43, 217,  6,  1,
   89, 213, 66,  1,
  127,   3, 74,  1,
  165, 213, 66,  1,
  211, 217,  6,  1,
  255, 252, 42,  1};

 
DEFINE_GRADIENT_PALETTE( blue_red_blue_gp ) {
    0,   0, 55,255,
  127, 255,  0,  0,
  255,   0, 55,255};

 

DEFINE_GRADIENT_PALETTE( paler_rainbow_gp ) {
    0, 247,152,162,
   51, 249,215,127,
  101, 123,221,127,
  153, 133,205,233,
  204, 215,180,240,
  255, 247,144,168};

 

DEFINE_GRADIENT_PALETTE( yg_gp ) {
    0, 255,255,  8,
   76,  42,255, 45,
  165,   3,109, 25,
  249, 255,255,  8,
  255, 255,255,  8};
 

DEFINE_GRADIENT_PALETTE( dances_with_fairies_gp ) {
    0, 227,219,135,
   17, 175,166, 42,
   35, 227,128, 64,
   56, 239, 96,117,
   79, 239,128,228,
   96, 188, 70,145,
  117, 175, 70,145,
  140,  67,128,240,
  163,  55, 22,255,
  186,  44, 96,240,
  206,  35,219,135,
  224,  55,231, 92,
  244, 175,219,108,
  255, 175,219,108};

 

DEFINE_GRADIENT_PALETTE( picnicweather_gp ) {
    0, 217, 32,  1,
   61, 255,171,242,
  101,   1, 65,174,
  145, 146,195,155,
  175,   1, 65,174,
  209, 255,171,242,
  247, 217, 32,  1,
  255, 217, 32,  1};

 

DEFINE_GRADIENT_PALETTE( sacralchakra_gp ) {
    0, 252,168,119,
   35, 244, 36,  1,
   73, 247,103,  1,
  124, 120, 15,  1,
  163, 247,103,  1,
  198, 244, 36,  1,
  237, 247,103,  1,
  255, 252,168,119};
 
DEFINE_GRADIENT_PALETTE( aurora_gp ) {
    0, 120, 30, 28,
   51, 120, 30, 28,
   51, 150, 62, 32,
  102, 150, 62, 32,
  102, 206,154, 55,
  153, 206,154, 55,
  153,  79,133, 56,
  204,  79,133, 56,
  204, 103, 70, 96,
  255, 103, 70, 96};
 

DEFINE_GRADIENT_PALETTE( gr37_hult_gp ) {
    0, 150,154,207,
   30, 210,211,242,
   58, 242,180,172,
   81, 220,119,108,
  107, 192,100, 88,
  119, 239,233,166,
  137, 201,159, 57,
  145, 239,233,166,
  158, 232,225,106,
  170, 239,233,166,
  183, 201,141, 27,
  191, 150,154,207,
  198, 103,139,127,
  224,  97,104,168,
  242,  47, 52,135,
  255,  47, 52,135};

 
DEFINE_GRADIENT_PALETTE( gr67_hult_gp ) {
    0,  42,  5,  1,
   63, 194,175,  3,
  127,  42,  5,  1,
  191, 194,175,  3,
  255,  42,  5,  1};
 

DEFINE_GRADIENT_PALETTE( gr35_hult_gp ) {
    0, 144,217,212,
   45,   8,108, 98,
   94, 144,217,212,
  124, 192,233,230,
  137, 144,217,212,
  163,   8,108, 98,
  204, 144,217,212,
  247,   8,108, 98,
  255,   8,108, 98};

 

DEFINE_GRADIENT_PALETTE( gr63_hult_gp ) {
    0, 234,235,123,
   51, 121,136,  0,
   81, 234,235,123,
  109, 155, 82, 71,
  132, 153, 66, 54,
  150, 142, 43, 34,
  209,   5,199,172,
  234,  10,142,120,
  255,  10,142,120};

 

DEFINE_GRADIENT_PALETTE( summer_gp ) {
    0,   0, 55, 25,
   17,   1, 62, 25,
   33,   1, 72, 25,
   51,   3, 82, 25,
   68,   8, 92, 25,
   84,  14,104, 25,
  102,  23,115, 25,
  119,  35,127, 25,
  135,  48,141, 25,
  153,  67,156, 25,
  170,  88,169, 25,
  186, 112,186, 25,
  204, 142,201, 25,
  221, 175,217, 25,
  237, 210,235, 25,
  255, 255,255, 25};

 

DEFINE_GRADIENT_PALETTE( ha_14_gp ) {
    0, 255, 79, 63,
   54, 217,128, 95,
  127, 182,191,135,
  214, 100,119, 71,
  255,  46, 65, 29};

 

DEFINE_GRADIENT_PALETTE( Sunset_Real_gp ) {
    0, 120,  0,  0,
   22, 179, 22,  0,
   51, 255,104,  0,
   85, 167, 22, 18,
  135, 100,  0,103,
  198,  16,  0,130,
  255,   0,  0,160};

 

DEFINE_GRADIENT_PALETTE( neutral_d_06_gp ) {
    0,   9, 55, 41,
   42,   9, 55, 41,
   42,  32, 86, 71,
   84,  32, 86, 71,
   84,  72,124,111,
  127,  72,124,111,
  127, 144,122, 85,
  170, 144,122, 85,
  170, 110, 84, 43,
  212, 110, 84, 43,
  212,  82, 52, 17,
  255,  82, 52, 17};

 

DEFINE_GRADIENT_PALETTE( tpglhwm_gp ) {
    0,  25, 81, 50,
    1,  34,103, 63,
    7,  45,119, 73,
   21,  82,136, 88,
   36, 155,151,105,
   72, 157,124, 84,
  109, 157,136,108,
  145, 161,164,149,
  182, 177,186,180,
  218, 213,219,214,
  255, 232,237,233};

 
DEFINE_GRADIENT_PALETTE( serendil_gp ) {
    0,   0, 55,  0,
  117,  61, 81,  9,
  137, 132, 86, 10,
  191, 215,221, 42,
  211, 237,112,184,
  255, 192, 19, 19};

 
DEFINE_GRADIENT_PALETTE( tashangel_gp ) {
    0, 133, 68,197,
   51,   2,  1, 33,
  101,  50, 35,130,
  153, 199,225,237,
  204,  41,187,228,
  255, 133, 68,197};

 

DEFINE_GRADIENT_PALETTE( aquamarinemermaid_gp ) {
    0,  23,  4, 32,
   63,  98, 31, 52,
  127, 224,138, 24,
  191,   7, 55,164,
  255,  23,  4, 32};

 

DEFINE_GRADIENT_PALETTE( liahlah2_gp ) {
    0,  38, 73,145,
   30,   7, 19, 51,
   56,  73, 40,230,
   86,  55, 49,182,
  112,  15,135,250,
  140, 125,122,212,
  170,  13, 55,228,
  198, 123, 65,228,
  229,   7, 19, 51,
  255,  38, 73,145};
 

DEFINE_GRADIENT_PALETTE( renmaiden_gp ) {
    0,   3, 82,  4,
   38,   9, 13, 16,
   89, 184, 77,105,
  127, 201,213,156,
  165, 222, 88,170,
  216, 190, 63,  4,
  255,   3, 82,  4};

 

DEFINE_GRADIENT_PALETTE( healingangel_gp ) {
    0,  94,156,174,
   45,  66,105,166,
   84, 117,117,192,
  127, 173,124,156,
  170, 208,108,106,
  211, 197,119, 73,
  255, 210,221,123};

 

DEFINE_GRADIENT_PALETTE( sky_18_gp ) {
    0, 244,219, 15,
   76, 121,104,201,
  178,  24, 51,210,
  255,   5, 27,117};

 
DEFINE_GRADIENT_PALETTE( sky_11_gp ) {
    0, 210, 80,  3,
   38, 255,215,106,
  165,  64,114,176,
  255,   5, 12, 38};

 

DEFINE_GRADIENT_PALETTE( sky_05_gp ) {
    0, 252, 61,  2,
   25, 255,146,  4,
   63, 224,255,255,
  101,  46,114,226,
  127,   6, 40,127,
  191,   1,  3, 17,
  255,   1,  1,  4};
 .

DEFINE_GRADIENT_PALETTE( pastels_2_gp ) {
    0,   7,255,255,
   23,  75,191,184,
  124, 255,136,125,
  140, 255,154,125,
  211, 255,255,125,
  255, 255,255,125};
 

DEFINE_GRADIENT_PALETTE( pastel_rb3_gp ) {
    0,  54,138,170,
   33,  58,186,109,
   63, 173,239, 83,
   89, 229,201, 61,
  119, 249,127, 29,
  140, 252,103, 56,
  165, 232, 72,155,
  193, 206,108,219,
  219, 169,128,233,
  242,  95,139,205,
  255,  95,139,205};

 

DEFINE_GRADIENT_PALETTE( brightsong2_gp ) {
    0,  10,199, 26,
   73, 255,255,  8,
  255, 255, 11, 71};

 

DEFINE_GRADIENT_PALETTE( meadow_T_gp ) {
    0,   1,239, 49,
   20,   1, 50,  1,
   56,   1,239, 49,
   76,  40,164, 69,
  101,  50,166, 19,
  127, 125,203,160,
  153,  34,141, 52,
  183,   1, 50,  1,
  201,   1,105, 21,
  216, 109,195, 10,
  234,  61,166, 16,
  252,   1,239, 49,
  255,   1,239, 49};

 
DEFINE_GRADIENT_PALETTE( peacerose_real_gp ) {
    0, 213,118, 23,
   10, 222,211,166,
   28, 249,215,153,
   38, 249,215,153,
   61, 255,217,117,
   91, 255,246,127,
  117, 252,244,214,
  145, 255,219,228,
  186, 255,219,228,
  206, 255,151,203,
  226, 255,142,201,
  244, 255,100,155,
  255, 194, 68, 14};

  

DEFINE_GRADIENT_PALETTE( partytime_gp ) {
    0, 249, 21, 44,
   12, 237,  7, 69,
   33,  20, 33, 60,
   66, 237, 12, 11,
   84,   1, 79,122,
  101, 249, 47, 29,
  124,  45,  1,128,
  145, 244,  7,120,
  165,   1, 79,122,
  191, 249,  7, 52,
  211, 194, 85, 24,
  221,   1, 79,122,
  239, 237, 12, 11,
  255, 234, 12, 21};

 

DEFINE_GRADIENT_PALETTE( greenwing_gp ) {
    0,   2,117, 39,
   61, 199,227,201,
  104,   9, 96,  1,
  132, 199,227,201,
  155,   9, 96,  1,
  175, 199,227,201,
  193,  37, 66, 40,
  216,   9, 96,  1,
  239,   2,117, 39,
  255,   2,117, 39};

 

DEFINE_GRADIENT_PALETTE( goldfishpond_gp ) {
    0, 186,223,245,
   28, 190,223,214,
   58, 222,233,228,
   73, 222,233,228,
   89, 186, 36,  5,
  101, 206, 73, 14,
  114, 157, 13,  1,
  124, 206, 73, 14,
  135,  46,  2,  1,
  147, 157, 13,  1,
  163, 210, 25,  1,
  175, 222,233,228,
  196, 177,221,240,
  221, 186,221,192,
  255, 206,229,250};

 
DEFINE_GRADIENT_PALETTE( tropical_beach_gp ) {
    0,   1, 61, 85,
   38,   9,176,255,
   63, 255, 97,  5,
   96, 255, 26, 19,
  130, 206,201,  6,
  165, 255, 29, 16,
  191, 255, 97,  5,
  221,   9,176,255,
  247,   1, 61, 85,
  255,   1, 61, 85};


