// approved by Chuck
// 2 removed for being too dark
DEFINE_GRADIENT_PALETTE( bhw1_02_gp ) {
    0,  66,  1, 34,
  127, 249,175,226,
  252,  14,  1,  8,
  255,  14,  1,  8};

DEFINE_GRADIENT_PALETTE( bhw1_06_gp ) {
    0, 184,  1,128,
  160,   1,193,182,
  219, 153,227,190,
  255, 255,255,255};

DEFINE_GRADIENT_PALETTE( bhw1_24_gp ) {
    0, 186,  5,135,
   30, 252, 73,255,
   61, 186,  5,135,
   89,  77,  1,103,
  124, 190, 67,221,
  163,  77,  1,103,
  186,  69, 54,214,
  219, 121,255,255,
  255,  69, 54,214};

DEFINE_GRADIENT_PALETTE( bhw1_05_gp ) {
    0,   1,221, 53,
  255,  73,  3,178};

DEFINE_GRADIENT_PALETTE( bhw1_15_gp ) {
    0,   1,  8, 87,
   71,  23,195,130,
  122, 186,248,233,
  168,  23,195,130,
  255,   1,  8, 87};

DEFINE_GRADIENT_PALETTE( bhw1_05_gp ) {
    0,   1,221, 53,
  255,  73,  3,178};

// too dark
DEFINE_xGRADIENT_PALETTE( Fuschia_7_gp ) {
    0,  43,  3,153,
   63, 100,  4,103,
  127, 188,  5, 66,
  191, 161, 11,115,
  255, 135, 20,182};

DEFINE_GRADIENT_PALETTE( gr59_hult_gp ) {
    0, 203, 24, 17,
   20, 199, 55, 45,
   35, 206,105, 93,
   51, 213,149,138,
   61, 234,205,199,
   73, 121, 70, 59,
   86, 213,166,156,
   96, 234,205,199,
  109, 107,124,216,
  147,  71, 88,228,
  178,   0,  0,125,
  196,  71, 88,228,
  221,   0,  0, 45,
  247,  71, 88,228,
  255,   0,  0,  8};

// too dark
DEFINE_xGRADIENT_PALETTE( ib_jul06_gp ) {
    0,  24, 49, 57,
  255, 169, 20, 25};


DEFINE_GRADIENT_PALETTE( frost_gp ) {
    0,  56,130,117,
   63,  56,130,117,
   63,  49,136,153,
  127,  49,136,153,
  127,  43, 92,127,
  191,  43, 92,127,
  191,  19, 56, 95,
  255,  19, 56, 95};


DEFINE_GRADIENT_PALETTE( aurora_gp ) {
    0, 120, 30, 28,
   51, 120, 30, 28,
   51, 150, 62, 32,
  102, 150, 62, 32,
  102, 206,154, 55,
  153, 206,154, 55,
  153,  79,133, 56,
  204,  79,133, 56,
  204, 103, 70, 96,
  255, 103, 70, 96};

DEFINE_GRADIENT_PALETTE( art_deco_05_gp ) {
    0, 157,149,128,
   63,  97,154,142,
  127,  53,157,158,
  191,  46, 96, 87,
  255,  39, 51, 39};

DEFINE_GRADIENT_PALETTE( cyan_magenta_yellow_white_gp ) {
    0,   0,255,255,
  127, 255,  0,255,
  191, 255,255,  0,
  255, 255,255,255};

DEFINE_GRADIENT_PALETTE( spectrum_rainbow_medium_gp ) {
    0, 255, 55, 45,
   42, 255,136, 45,
   85, 255,255, 45,
  127,  42,255, 45,
  169,  42,255,255,
  212,  42, 55,255,
  255, 255,136,255};

DEFINE_GRADIENT_PALETTE( rainbow_gp ) {
    0, 255,  0,255,
   51,   0,  0,255,
  102,   0,255,255,
  153,   0,255,  0,
  204, 255,255,  0,
  255, 255,  0,  0};


